0
1
2
115792089237316195423570985008687907853269984665640564039457584007913129639935
18569430475105882587588266137607568536673111973893317399460219858819262702947
80084422859880547211683076133703299733277748156566366325829078699459944778998
29102676481673041902632991033461445430619272659676223336789171408008386403022
87903029871075914254377627908054574944891091886930582284385770809450030037083
62514009886607029107290561805838585334079798074568712924583230797734656856475
1546678032441257452667456735582814959992782782816731922691272282333561699760
111414077815863400510004064629973595961579173665589224203503662149373724986687
75276140696391174450305814049576319106646922510300487059720162673006384432776
110349606679412691172957834289542550319383271247755660854362242977991410020067
49791959467252497455735130940088646708311117250336157395101362029847983277999
89717814153306320011181716697424560163256864414616650038987186496166826726056
660301456019777184113296434797620819555017468543624515662331739614079884729
101051993584849178915136821395265346177868384823507754984078593667947067386055
97569884605916225051403212656556507955018248777258318895762758024193532305077
84800337471693920904250232874319843718400766719524250287777680170677855896573
63806209331542711802848847270949280092855778197726125910674179583545433573378
12396694973890998440467380340983585058878106250672390494374587083972727727730
22581645139872629890233439717971975110198959689450188087151966948260709403752
84827061063453624289975705683721713058963870421084015214609271099009937454148
46529144392117707452946260303848603952187628831689540306122340668716214558864
93369884277498597659590946175997448338802118867485977633968544981113634346220
38878206584692966203415385907871375197469080758325516314230789535345649042549
97789825912453899259273410636466998099043528421815129078110847000656284369545
89622809563556123081897041840816014639138942293158154584485133346364573191189
80167465652159884487584418398737133515478493586045375474096367959472086682926
67072331549493647622825787457569556318728415786901242217649037894484240406165